0.4037 93.1
0.4032 92.9
0.4023 92.8
0.4016 92.8
0.4005 92.4
0.3997 91.9
0.3978 91.6
0.3971 91.4
0.3962 91.1
0.3956 90.7
0.3949 90.4
0.3942 90.3
0.3933 90.1
0.3927 89.8
0.3919 89.7
0.3913 89.6
0.3905 89.4
0.3899 89.1
0.3892 88.9
0.3886 88.8
0.3875 88.5
0.3866 88.1
0.3859 87.9
0.3851 87.5
0.3846 87.4
0.3840 87.2
0.3834 87.0
0.3831 86.9
0.3825 86.7
0.3819 86.6
0.3812 86.4
0.3806 86.2
0.3800 85.9
0.3793 85.8
0.3788 85.6
0.3783 85.4
0.3777 85.1
0.3772 84.9
0.3764 84.8
0.3756 84.6
0.3749 84.4
0.3744 84.3
0.3738 84.1
0.3734 83.9
0.3730 83.8
0.3724 83.6
0.3717 83.4
0.3711 83.1
0.3704 82.9
0.3697 82.9
0.3691 82.5
0.3687 82.3
0.3683 82.2
0.3678 82.0
0.3673 81.9
0.3667 81.8
0.3661 81.7
0.3656 87.5
0.3650 81.3
0.3642 81.1
0.3636 81.0
0.3631 80.8
0.3626 80.6
0.3621 80.4
0.3579 79.2
0.3573 79.0
0.3569 78.9
0.3563 78.7
0.3559 78.5
0.3556 78.3
0.3550 78.1
0.3544 78.1
0.3540 78.0
0.3535 77.8
0.3532 77.8
0.3527 77.6
0.3523 77.5
0.3517 77.3
0.3511 77.1
0.3505 76.9
0.3501 76.9
0.3496 76.8
0.3491 76.6
0.3483 76.5
0.3483 76.3
0.3478 76.2
0.3474 76.0
0.3471 75.9
0.3468 75.6
0.3463 75.6
0.3459 75.5
0.3455 75.5
0.3450 75.4
0.3443 75.3
0.3441 75.1
0.3437 74.9
0.3432 74.8
0.3428 74.6
0.3423 74.5
0.3419 74.5
0.3416 74.3
0.3412 74.3
0.3408 74.1
0.3403 74.0
0.3402 73.9
0.3398 73.8
0.3394 73.6
0.3391 73.6
0.3387 73.4
0.3382 73.3
0.3379 73.1
0.3373 73.0
0.3368 72.9
0.3364 72.8
0.3360 72.7
0.3353 72.5
0.3351 72.5
0.3348 72.3
0.3345 72.1
0.3341 72.0
0.3338 71.8
0.3334 71.8
0.3331 71.7
0.3327 71.6
0.3324 71.6
0.3323 71.5
0.3319 71.4
0.3316 71.3
0.3312 71.1
0.3309 71.0
0.3304 70.8
0.3300 70.7
0.3294 70.6
0.3290 70.6
0.3287 70.5
0.3283 70.4
0.3281 70.3
0.3278 70.3
0.3275 70.1
0.3270 70.1
0.3268 69.9
0.3264 69.8
0.3261 69.8
0.3258 69.5
0.3254 69.5
0.3250 69.5
0.3247 69.3
0.3244 69.3
0.3242 69.1
0.3240 69.1
0.3236 69.0
0.3233 68.9
0.3231 68.9
0.3228 68.8
0.3224 68.7
0.3221 68.7
0.3219 68.7
0.3216 68.6
0.3214 68.6
0.3211 68.5
0.3208 68.4
0.3206 68.3
0.3203 68.1
0.3201 68.1
0.3199 67.9
0.3197 67.9
0.3194 67.9
0.3190 67.8
0.3188 67.7
0.3185 67.5
0.3182 67.5
0.3180 67.4
0.3178 67.3
0.3176 67.3
0.3174 67.2
0.3172 67.1
0.3169 67.1
0.3166 66.9
0.3164 66.8
0.3161 66.7
0.3158 66.6
0.3156 66.6
0.3153 66.5
0.3150 66.5
0.3147 66.4
0.3144 66.3
0.3142 66.2
0.3139 66.1
0.3136 66.0
0.3132 65.9
0.3127 65.9
0.3124 65.8
0.3121 65.8
0.3120 65.7
0.3117 65.6
0.3115 65.5
0.3113 65.5
0.3100 65.0
0.3098 64.9
0.3096 64.9
0.3094 64.8
0.3090 64.8
0.3087 64.7
0.3083 64.5
0.3079 64.5
0.3077 64.5
0.3075 64.3
0.3074 64.3
0.3072 64.1
0.3070 64.1
0.3068 64.0
0.3065 63.9
0.3062 63.9
0.3060 63.8
0.3058 63.8
0.3055 63.7
0.3053 63.5
0.3050 63.5
0.3047 63.5
0.3045 63.4
0.3042 63.3
0.3040 63.3
0.3038 63.3
0.3035 63.3
0.3032 63.3
0.3031 63.2
0.3029 63.1
0.3027 63.0
0.3025 62.9
0.3023 62.8
0.3020 62.7
0.3017 62.6
0.3015 62.6
0.3013 62.6
0.3011 62.5
0.3008 62.4
0.3006 62.3
0.3005 62.3
0.3002 62.2
0.3001 62.1
0.2999 62.1
0.2996 62.0
0.2994 61.9
0.2992 61.8
0.2989 61.8
0.2986 61.7
0.2984 61.7
0.2981 61.6
0.2978 61.6
0.2975 61.6
0.2973 61.5
0.2971 61.3
0.2969 61.3
0.2968 61.3
0.2966 61.1
0.2964 61.1
0.2963 61.0
0.2960 60.9
0.2956 60.9
0.2954 60.8
0.2951 60.7
0.2948 60.7
0.2947 60.6
0.2945 60.6
0.2943 60.5
0.2941 60.5
0.2939 60.4
0.2936 60.4
0.2934 60.3
0.2932 60.3
0.2930 60.2
0.2929 60.1
0.2927 60.1
0.2924 60.0
0.2921 59.9
0.2919 59.9
0.2917 59.9
0.2915 59.8
0.2914 59.8
0.2913 59.8
0.2911 59.7
0.2909 59.6
0.2907 59.6
0.2906 59.6
0.2903 59.5
0.2901 59.4
0.2899 59.3
0.2897 59.2
0.2895 59.2
0.2893 59.1
0.2891 59.1
0.2890 59.0
0.2888 58.9
0.2886 58.9
0.2885 58.9
0.2883 58.8
0.2882 58.8
0.2880 58.8
0.2878 58.8
0.2877 58.6
0.2875 58.6
0.2873 58.5
0.2871 58.5
0.2868 58.4
0.2866 58.3
0.2864 58.3
0.2861 58.2
0.2839 58.1
0.2858 58.1
0.2856 58.1
0.2854 58.0
0.2852 58.0
0.2850 57.9
0.2848 57.9
0.2847 57.9
0.2846 57.8
0.2844 57.7
0.2843 57.6
0.2841 57.6
0.2839 57.6
0.2837 57.5
0.2835 57.5
0.2834 57.4
0.2832 57.3
0.2830 57.3
0.2828 57.3
0.2826 57.2
0.2825 57.2
0.2823 57.1
0.2822 57.1
0.2821 57.0
0.2819 56.9
0.2800 56.5
0.2799 56.5
0.2798 56.4
0.2796 56.4
0.2794 56.3
0.2793 56.3
0.2792 56.3
0.2790 56.2
0.2789 56.1
0.2787 56.1
0.2785 56.0
0.2784 56.0
0.2782 55.9
0.2780 55.9
0.2778 55.8
0.2776 55.8
0.2775 55.8
0.2774 55.8
0.2772 55.7
0.2770 55.6
0.2768 55.6
0.2767 55.5
0.2765 55.5
0.2764 55.5
0.2762 55.4
0.2761 55.3
0.2759 55.3
0.2757 55.3
0.2756 55.3
0.2754 55.3
0.2753 55.2
0.2751 55.1
0.2749 55.1
0.2747 55.0
0.2745 55.0
0.2744 54.9
0.2743 54.9
0.2741 54.9
0.2740 54.8
0.2739 54.8
0.2737 54.8
0.2736 54.7
0.2734 54.5
0.2733 54.5
0.2731 54.5
0.2730 54.5
0.2729 54.5
0.2727 54.5
0.2725 54.4
0.2724 54.4
0.2723 54.3
0.2721 54.3
0.2720 54.3
0.2718 54.3
0.2717 54.2
0.2716 54.1
0.2714 54.1
0.2713 53.9
0.2711 53.9
0.2709 53.9
0.2708 53.9
0.2706 53.9
0.2705 53.8
0.2703 53.8
0.2702 53.8
0.2700 53.7
0.2699 53.6
0.2697 53.6
0.2696 53.6
0.2694 53.6
0.2693 53.5
0.2692 53.5
0.2691 53.5
0.2690 53.4
0.2688 53.3
0.2687 53.3
0.2685 53.3
0.2683 53.2
0.2682 53.2
0.2681 53.2
0.2679 53.1
0.2678 53.1
0.2677 53.0
0.2675 52.9
0.2674 52.9
0.2673 52.9
0.2671 52.8
0.2670 52.8
0.2668 52.8
0.2666 52.7
0.2665 52.7
0.2663 52.7
0.2662 52.6
0.2661 52.6
0.2660 52.6
0.2659 52.6
0.2658 52.5
0.2657 52.5
0.2656 52.5
0.2655 52.4
0.2653 52.3
0.2652 52.3
0.2650 52.3
0.2648 52.2
0.2646 52.1
0.2645 52.1
0.2643 52.1
0.2641 52.1
0.2640 52.1
0.2639 52.0
0.2638 51.9
0.2637 51.9
0.2635 51.9
0.2634 51.9
0.2633 51.9
0.2631 51.8
0.2630 51.8
0.2628 51.8
0.2627 51.7
0.2625 51.6
0.2624 51.6
0.2623 51.6
0.2622 51.5
0.2621 51.5
0.2620 51.5
0.2619 51.5
0.2617 51.5
0.2616 51.4
0.2615 51.3
0.2613 51.3
0.2612 51.3
0.2611 51.3
0.2609 51.2
0.2608 51.2
0.2607 51.1
0.2546 49.5
0.2545 49.5
0.2544 49.4
0.2543 49.4
0.2542 49.4
0.2541 49.4
0.2540 49.4
0.2539 49.3
0.2538 49.3
0.2537 49.3
0.2536 49.2
0.2535 49.2
0.2533 49.1
0.2532 49.1
0.2531 49.0
0.2530 48.9
0.2529 48.9
0.2528 48.9
0.2527 48.9
0.2525 48.8
0.2524 48.8
0.2523 48.8
0.2522 48.8
0.2521 48.8
0.2519 48.7
0.2518 48.7
0.2517 48.6
0.2516 48.6
0.2515 48.6
0.2514 48.6
0.2513 48.6
0.2512 48.5
0.2511 48.5
0.2509 48.5
0.2508 48.5
0.2507 48.5
0.2506 48.4
0.2505 48.4
0.2504 48.3
0.2503 48.3
0.2502 48.3
0.2501 48.3
0.2500 48.3
0.2499 48.3
0.2498 48.3
0.2497 48.2
0.2496 48.1
0.2495 48.1
0.2494 48.1
0.2493 48.1
0.2492 48.0
0.2491 47.9
0.2490 47.9
0.2489 47.9
0.2488 47.9
0.2487 47.8
0.2486 47.8
0.2485 47.8
0.2484 47.8
0.2483 47.8
0.2482 47.8
0.2481 47.7
0.2480 47.6
0.2479 47.5
0.2460 47.2
0.2459 47.2
0.2457 47.1
0.2456 47.1
0.2455 47.1
0.2454 47.0
0.2453 47.0
0.2452 46.9
0.2451 46.9
0.2450 46.9
0.2449 46.8
0.2448 46.8
0.2446 46.8
0.2445 46.8
0.2444 46.7
0.2443 46.6
0.2442 46.6
0.2441 46.6
0.2439 46.6
0.2438 46.5
0.2437 46.5
0.2436 46.5
0.2435 46.5
0.2434 46.4
0.2433 46.4
0.2432 46.4
0.2431 46.4
0.2430 46.3
0.2429 46.3
0.2428 46.3
0.2427 46.3
0.2426 46.3
0.2425 46.3
0.2424 46.3
0.2423 46.2
0.2422 46.2
0.2421 46.1
0.2420 46.1
0.2419 46.1
0.2418 46.1
0.2417 46.0
0.2416 46.0
0.2415 46.0
0.2414 46.0
0.2413 46.0
0.2407 45.9
0.2406 45.9
0.2405 45.9
0.2404 45.8
0.2403 45.8
0.2402 45.8
0.2401 45.7
0.2400 45.7
0.2399 45.7
0.2398 45.6
0.2397 45.6
0.2396 45.6
0.2396 45.5
0.2395 45.5
0.2394 45.5
0.2393 45.5
0.2393 45.4
0.2392 45.4
0.2391 45.4
0.2390 45.3
0.2389 45.3
0.2388 45.2
0.2387 45.2
0.2386 45.1
0.2385 45.1
0.2384 45.1
0.2383 45.1
0.2382 45.1
0.2381 45.1
0.2380 45.1
0.2379 45.1
0.2378 45.1
0.2377 45.0
0.2376 45.0
0.2375 44.9
0.2374 44.9
0.2373 44.9
0.2372 44.8
0.2370 44.8
0.2369 44.8
0.2368 44.8
0.2367 44.7
0.2366 44.6
0.2365 44.6
0.2364 44.6
0.2363 44.6
0.2362 44.6
0.2361 44.6
0.2360 44.5
0.2359 44.5
0.2358 44.5
0.2357 44.4
0.2356 44.4
0.2355 44.4
0.2354 44.4
0.2353 44.3
0.2352 44.3
0.2351 44.3
0.2350 44.3
0.2349 44.2
0.2348 44.2
0.2348 44.1
0.2347 44.1
0.2346 44.1
0.2345 44.1
0.2344 44.1
0.2343 44.1
0.2342 44.0
0.2341 44.0
0.2341 43.9
0.2340 43.9
0.2339 43.9
0.2338 43.9
0.2337 43.9
0.2336 43.9
0.2335 43.8
0.2334 43.7
0.2333 43.7
0.2332 43.7
0.2332 43.6
0.2331 43.6
0.2330 43.6
0.2329 43.6
0.2328 43.5
0.2327 43.6
0.2326 43.6
0.2325 43.6
0.2324 43.6
0.2323 43.5
0.2322 43.5
0.2321 43.5
0.2320 43.4
0.2319 43.4
0.2318 43.3
0.2317 43.3
0.2316 43.3
0.2315 43.3
0.2314 43.3
0.2313 43.3
0.2312 43.3
0.2311 43.3
0.2310 43.2
0.2309 43.1
0.2308 43.1
0.2307 43.1
0.2306 43.1
0.2305 43.1
0.2304 43.1
0.2236 41.3
0.2235 41.3
0.2234 41.3
0.2233 41.2
0.2232 41.2
0.2231 41.2
0.2230 41.2
0.2229 41.1
0.2228 41.1
0.2227 41.1
0.2226 41.1
0.2225 41.0
0.2224 41.0
0.2223 41.0
0.2222 41.0
0.2222 40.9
0.2221 40.9
0.2220 40.9
0.2220 40.8
0.2219 40.8
0.2218 40.8
0.2217 40.8
0.2216 40.8
0.2215 40.8
0.2214 40.8
0.2213 40.8
0.2212 40.7
0.2211 40.7
0.2210 40.6
0.2210 40.5
0.2209 40.5
0.2208 40.5
0.2207 40.5
0.2206 40.5
0.2205 40.5
0.2204 40.5
0.2203 40.5
0.2202 40.5
0.2201 40.4
0.2200 40.3
0.2199 40.3
0.2198 40.3
0.2197 40.3
0.2196 40.3
0.2195 40.3
0.2194 40.3
0.2193 40.2
0.2192 40.2
0.2191 40.2
0.2191 40.1
0.2190 40.1
0.2189 40.1
0.2188 40.1
0.2187 40.1
0.2186 40.0
0.2185 40.0
0.2184 39.9
0.2183 39.9
0.2182 39.9
0.2181 39.8
0.2180 39.8
0.2179 39.8
0.2178 39.8
0.2177 39.8
0.2176 39.7
0.2175 39.7
0.2175 39.6
0.2174 39.6
0.2173 39.6
0.2172 39.6
0.2171 39.6
0.2170 39.6
0.2169 39.5
0.2168 39.5
0.2167 39.5
0.2166 39.5
0.2165 39.5
0.2164 39.5
0.2164 39.4
0.2163 39.4
0.2162 39.3
0.2161 39.3
0.2160 39.3
0.2159 39.3
0.2158 39.3
0.2136 38.6
0.2135 38.6
0.2134 38.6
0.2133 38.6
0.2132 38.6
0.2131 38.5
0.2130 38.5
0.2129 38.5
0.2128 38.5
0.2128 38.4
0.2127 38.4
0.2126 38.3
0.2125 38.3
0.2124 38.3
0.2123 38.3
0.2123 38.2
0.2122 38.2
0.2121 38.2
0.2120 38.1
0.2119 38.1
0.2118 38.1
0.2117 38.0
0.2117 37.9
0.2116 37.9
0.2115 37.9
0.2114 37.9
0.2114 37.9
0.2143 37.9
0.2112 37.9
0.2111 37.9
0.2110 37.9
0.2110 37.9
0.2109 37.8
0.2108 37.8
0.2107 37.8
0.2106 37.7
0.2105 37.7
0.2104 37.7
0.2103 37.7
0.2102 37.7
0.2102 37.6
0.2101 37.6
0.2100 37.6
0.2099 37.6
0.2098 37.6
0.2097 37.6
0.2096 37.6
0.2096 37.5
0.2095 37.5
0.2094 37.5
0.2093 37.5
0.2092 37.5
0.2091 37.4
0.2090 37.3
0.2089 37.3
0.2088 37.3
0.2088 37.4
0.2087 37.3
0.2086 37.3
0.2085 37.3
0.2084 37.3
0.2083 37.3
0.2083 37.2
0.2082 37.2
0.2082 37.3
0.2081 37.2
0.2080 37.2
0.2079 37.1
0.2079 37.2
0.2078 37.1
0.2077 37.1
0.2076 37.1
0.2075 37.0
0.2074 37.0
0.2074 36.9
0.2073 36.9
0.2054 36.5
0.2054 36.4
0.2053 36.4
0.2052 36.4
0.2051 36.3
0.2050 36.3
0.2049 36.3
0.2048 36.3
0.2047 36.3
0.2046 36.3
0.2046 36.2
0.2045 36.2
0.2044 36.1
0.2043 36.1
0.2042 36.1
0.2041 36.1
0.2040 36.1
0.2040 36.0
0.2039 36.0
0.2038 35.9
0.2037 35.9
0.2036 35.9
0.2035 35.9
0.2034 35.9
0.2033 35.9
0.2033 35.8
0.2032 35.8
0.2031 35.8
0.2031 35.8
0.2030 35.8
0.2029 35.8
0.2028 35.8
0.2027 35.8
0.2027 35.7
0.2026 35.7
0.2026 35.6
0.2025 35.6
0.2024 35.6
0.2023 35.6
0.2022 35.6
0.2022 35.5
0.2021 35.5
0.2020 35.5
0.2019 35.5
0.2018 35.5
0.2017 35.5
0.2016 35.5
0.2015 35.5
0.2015 35.4
0.2014 35.4
0.2013 35.4
0.2012 35.3
0.2011 35.3
0.2010 35.3
0.2009 35.3
0.2008 35.2
0.2007 35.2
0.2007 35.1
0.2006 35.1
0.2005 35.1
0.2004 35.1
0.1867 30.9
0.1850 30.8
0.1838 30.6
0.1825 30.5
0.1817 30.5
0.1814 30.4
0.1812 30.3
0.1811 30.2
0.1813 30.3
0.1814 30.3
0.1815 30.3
0.1816 30.3
0.1817 30.3
0.1818 30.3
0.1819 30.3
0.1820 30.3
0.1820 30.4
0.1819 30.4
0.1783 29.1
0.1770 29.0
0.1761 28.9
0.1760 28.9
0.1762 28.9
0.1763 28.9
0.1764 28.9
0.1765 28.9
0.1759 28.9
0.1758 28.9
0.1757 28.9
0.1757 28.8
0.1755 28.8
0.1752 28.8
0.1750 28.7
0.1747 28.7
0.1745 28.7
0.1744 28.6
0.1743 28.6
0.1742 28.6
0.1741 28.6
0.1741 28.7
